Template: as_settingstemplate_denseurban
Grime: 0.2173913
RandomItemDensity: 0.1086956
RandomItemSpearChance: 0
Palette: 317
EffectColorA: 0
EffectColorB: 0
AmbientSounds: OMNI><OM.wav><687.6979><342.2215><0.3043478><1, OMNI><SO_WAT-ProperDrips.ogg><137.4298><338.0876><0.3260869><1, OMNI><SO_WAT-MoreDrips.ogg><142.1194><448.4105><0.3043479><1, OMNI><SO_WAT-LilDrips.ogg><141.7095><247.3041><0.3043478><1, 
WetTerrain: OFF
