Template: NONE
CeilingDrips: 0.6195652
Clouds: 0.0
Grime: 0.25
RandomItemDensity: 0.1195652
RandomItemSpearChance: 0
Palette: 38
EffectColorA: 9
EffectColorB: 8
AmbientSounds: OMNI><Mech Active.wav><702.3507><403.8831><0.1956522><1, OMNI><Basic Mech.wav><714.5837><574.3612><0.1413043><1, 
WetTerrain: OFF
